lag,ccf,ccf_err
-29.9375,0.0001784735737935041,0.00025474636383188636
-29.875,-0.00037209866141367005,0.00026445786451263174
-29.8125,-0.0002976183278393439,0.0005331282928867907
-29.75,-0.00039055500808061664,0.0005771321191497773
-29.6875,-0.00011022428080797481,0.00045313333545708316
-29.625,0.000998134907489335,0.000572444376815192
-29.5625,0.0007039863295346726,0.0005905319403660981
-29.5,0.0008246119870226907,0.0006206765796898224
-29.4375,0.001432520371141539,0.0007019670728130071
-29.375,0.0010119001566573902,0.0009656111183085556
-29.3125,0.002131020656451245,0.0012216917956258178
-29.25,0.002561260100985098,0.001170106288380484
-29.1875,0.0033320194772049677,0.0012237226689189046
-29.125,0.003062294455919739,0.0015137807895974258
-29.0625,0.0030325495397291657,0.0015214647566578554
-29.0,0.002966334573743729,0.0017184258426973457
-28.9375,0.004157217430687157,0.0020824664653458017
-28.875,0.0031713134145876756,0.001912540326701737
-28.8125,0.003978457949917904,0.0019404870232057633
-28.75,0.002045043356231372,0.002017043169969328
-28.6875,0.0016905331892693148,0.001840245191791654
-28.625,0.00240723147757631,0.0019219082831004998
-28.5625,0.0010439391365904393,0.0020391709405167342
-28.5,-0.0001974759305452374,0.0022445011387857232
-28.4375,-3.264072974440445e-06,0.0024936643943828172
-28.375,0.00056845754455089,0.0025908486113087447
-28.3125,0.0011478481576030653,0.0024486845448437014
-28.25,-0.001954737203404191,0.0026862999283527437
-28.1875,-0.0025080512327872915,0.0027900024185487514
-28.125,-0.0017479458285845075,0.0029554239911003502
-28.0625,-0.0017686905586832208,0.002833465547670245
-28.0,-0.0024069170907341946,0.0027480517718459926
-27.9375,-0.002612869273211379,0.0027795806030074368
-27.875,-0.004220608358112961,0.003117567085380182
-27.8125,-0.00497770885098402,0.0030422491186302045
-27.75,-0.005173099776490124,0.003169868790294511
-27.6875,-0.007549328272864971,0.003401762762120903
-27.625,-0.005960756150795413,0.003655814140126348
-27.5625,-0.006366900755586091,0.003856807674349667
-27.5,-0.0066661303868432,0.00401640764102537
-27.4375,-0.005672988726166048,0.004209585835915881
-27.375,-0.009245898046876241,0.004538302123259346
-27.3125,-0.008008037437863004,0.004567861224021041
-27.25,-0.007513268383768576,0.004707932243027215
-27.1875,-0.007970279210261503,0.005249336652169319
-27.125,-0.007371328048079533,0.00560984636824137
-27.0625,-0.008137995583985067,0.005702235256550573
-27.0,-0.0086996641294558,0.0058451396322122375
-26.9375,-0.010413404936947632,0.005798861531530538
-26.875,-0.010986542065451129,0.006112107253097098
-26.8125,-0.007510165847718672,0.006160183975310693
-26.75,-0.008022336324106613,0.006630202611867531
-26.6875,-0.010869604136566425,0.006523116358899307
-26.625,-0.011480200929773664,0.006469876555542757
-26.5625,-0.013980574955768628,0.006424786667362491
-26.5,-0.01370916788122124,0.00679712972511077
-26.4375,-0.014538488381265091,0.006975541032966637
-26.375,-0.015691775153224754,0.00710695033712374
-26.3125,-0.01647108833183921,0.007089364060440601
-26.25,-0.015025815210408825,0.0072396430161388295
-26.1875,-0.013541504691616158,0.0074782498043752385
-26.125,-0.011287542753446305,0.007707685389101702
-26.0625,-0.012910955468602225,0.007517337488700095
-26.0,-0.012168289972822278,0.008067383995576135
-25.9375,-0.009870514785476438,0.008092162742171078
-25.875,-0.010579389094863991,0.008161716399229082
-25.8125,-0.012026454920216702,0.008300104500528113
-25.75,-0.010321923166477821,0.008249007632302033
-25.6875,-0.008021832333780513,0.00804962989879269
-25.625,-0.007007901466217319,0.008008607564901224
-25.5625,-0.008200606117561042,0.008185885145848136
-25.5,-0.008108651018421991,0.008242600223338302
-25.4375,-0.00736470808101854,0.007940797579648039
-25.375,-0.007356958520872842,0.007449939924474142
-25.3125,-0.004962413898728108,0.007423445641389642
-25.25,-0.006761656945187839,0.00751838225428503
-25.1875,-0.007353268565532073,0.00758225795591266
-25.125,-0.006929440863550838,0.007578790005127115
-25.0625,-0.007663752172367221,0.007457514741012525
-25.0,-0.003957299239153108,0.007736465032370199
-24.9375,-0.0036834860223401867,0.007658780434955343
-24.875,-0.005023266732299939,0.008771621080547267
-24.8125,8.522981040613864e-06,0.008461321416684885
-24.75,0.0007165980963232258,0.008349943235612977
-24.6875,0.002500536094983954,0.008352985338183499
-24.625,0.0022356088611162955,0.008301407062980165
-24.5625,0.00335848403224269,0.008046953704667851
-24.5,0.004947668696068788,0.008586065834617372
-24.4375,0.003280371193607752,0.008158674502586562
-24.375,0.003735784228649106,0.008388951330175476
-24.3125,0.0031942545218127194,0.008526218336380365
-24.25,0.005538863989620201,0.008197717006316826
-24.1875,0.005421960172543488,0.008170453306499143
-24.125,0.007584200706841583,0.007945163774783255
-24.0625,0.0035023764631167058,0.00812906472969263
-24.0,0.003116719452423171,0.008402116388173661
-23.9375,0.003670637520414839,0.008041269310976647
-23.875,0.003824778223915482,0.007920180761899025
-23.8125,0.0032335945549982273,0.007804002114182967
-23.75,0.0011410081787234746,0.007990534871515811
-23.6875,0.0022221897610927837,0.008146037603866788
-23.625,0.004454720774813149,0.008317947635356317
-23.5625,0.004082421598860571,0.008190425026410564
-23.5,0.004948096944213183,0.008741288620212383
-23.4375,0.0034607546079727307,0.0081276091806778
-23.375,0.004073538191692357,0.008443045169307814
-23.3125,0.005906971279435065,0.008031028597322838
-23.25,0.0075142230230216414,0.007647974441617917
-23.1875,0.007037964902487671,0.007477538128984651
-23.125,0.005335976344970474,0.0076211612025414216
-23.0625,-0.0027965994664139212,0.0063821585638857885
-23.0,0.0011755580503006995,0.007221151425676393
-22.9375,-0.0004346201983668777,0.007719818595070848
-22.875,0.0038632075760060424,0.007251297592875647
-22.8125,-0.0005798580122805245,0.007953333333456535
-22.75,-0.001663815661096194,0.007745274957350078
-22.6875,0.0006541612048968328,0.007319888851011258
-22.625,-0.000763549673898148,0.007726190046196528
-22.5625,-6.133990191172724e-05,0.008185300843531326
-22.5,-0.0008070435158460857,0.008922487412368776
-22.4375,0.00015161669575793237,0.009181071467704156
-22.375,-0.004129921595219242,0.00873963977121448
-22.3125,-0.007450239848384705,0.00916189412501969
-22.25,-0.005557719255631732,0.009464914723244485
-22.1875,-0.0056597627995075145,0.009597333894923002
-22.125,-0.005416626527100357,0.009775288321949793
-22.0625,-0.005320287760209835,0.010776701510732485
-22.0,-0.006713577668022403,0.010879860464021123
-21.9375,-0.00962053808743695,0.010191821988824361
-21.875,-0.008487821813238466,0.010695401595240695
-21.8125,-0.006755492934140718,0.011330388448744512
-21.75,-0.009019422596777177,0.011172509807269842
-21.6875,-0.011973683189472352,0.01079387750279021
-21.625,-0.013317078058121375,0.011140856378380148
-21.5625,-0.009517899077249224,0.011054633953951166
-21.5,-0.01302424717744706,0.011432072696590188
-21.4375,-0.015083208718007796,0.011512322716930187
-21.375,-0.014322191757386646,0.011919671562620788
-21.3125,-0.012637513217253038,0.012051955095125957
-21.25,-0.015674691084893083,0.011685564944352729
-21.1875,-0.013962078721872061,0.012116470722068532
-21.125,-0.011643056532866585,0.011712819174318129
-21.0625,-0.01429582635166997,0.012282566693042596
-21.0,-0.016068119745659866,0.012387380934963247
-20.9375,-0.01901293395741253,0.012413315164606826
-20.875,-0.015570486676805563,0.011873267921984308
-20.8125,-0.013755945771911799,0.012089236746845498
-20.75,-0.01596274033532042,0.011760488645021293
-20.6875,-0.01989653218355329,0.01106952930380304
-20.625,-0.020491833538187225,0.012198915131847713
-20.5625,-0.01870825585524978,0.011809771606654652
-20.5,-0.016571916990515495,0.011766403332376862
-20.4375,-0.017624129434538668,0.011201324000033002
-20.375,-0.018696975391351657,0.01113465560234067
-20.3125,-0.01607090456449238,0.012324648285777817
-20.25,-0.014660915063831933,0.011998442479479583
-20.1875,-0.018836768569945563,0.011485347025859774
-20.125,-0.01747030776425351,0.011484585673312031
-20.0625,-0.015995548239883767,0.011216417367714176
-20.0,-0.014124796580760463,0.011717183384343926
-19.9375,-0.015855135584130656,0.010864818794981664
-19.875,-0.015027844872843654,0.010888625173069261
-19.8125,-0.011200199374676333,0.011269064521816773
-19.75,-0.011416568878792357,0.01175829852933
-19.6875,-0.009825324383951575,0.012101670088298518
-19.625,-0.008951139921460025,0.011881486142123263
-19.5625,-0.008958273494894961,0.011694031112519019
-19.5,-0.014235020966083452,0.011521010066380523
-19.4375,-0.012549625169380064,0.011669133170943868
-19.375,-0.0058251493347123585,0.011107028001187463
-19.3125,-0.01255749098813206,0.011811026156502924
-19.25,-0.010340424708646963,0.012097374428658431
-19.1875,-0.006957240044829235,0.012721127659324084
-19.125,-0.01042259342238896,0.01234082530192115
-19.0625,-0.010397597900768758,0.01213196205156809
-19.0,-0.007916175667271179,0.012165075051928135
-18.9375,-0.012381377482734386,0.012173948931300999
-18.875,-0.014140690166613146,0.012582191155797413
-18.8125,-0.00794405285859943,0.012964628548691555
-18.75,-0.010353178654159781,0.012575740324466981
-18.6875,-0.0053928441467592176,0.012251494040364614
-18.625,-0.007189081463028838,0.01179719943998407
-18.5625,-0.008524213538515742,0.011685913922098005
-18.5,-0.011626541485151094,0.011764437723581099
-18.4375,-0.014577678694691988,0.012365150529509778
-18.375,-0.012571544324204143,0.011640368496448696
-18.3125,-0.011464395949413366,0.011424134839155399
-18.25,-0.01452114305344125,0.011639498722406669
-18.1875,-0.014789421922687564,0.012110095411369417
-18.125,-0.017487516780314415,0.012774358671638902
-18.0625,-0.01920768980666786,0.012739773303989678
-18.0,-0.01401485412699728,0.012745981673203868
-17.9375,-0.014401556122175481,0.012019572542047025
-17.875,-0.019643444247192623,0.01255865452313255
-17.8125,-0.01845134900097266,0.012304114186339778
-17.75,-0.01705206341926609,0.012711335339529237
-17.6875,-0.014212804617236298,0.013081570320841403
-17.625,-0.018774455601059878,0.01317495544608994
-17.5625,-0.01956865100738391,0.013166688626527381
-17.5,-0.01771705899250216,0.012751787182524371
-17.4375,-0.018292255960357807,0.012615732610695922
-17.375,-0.023591883651548195,0.013386736829752484
-17.3125,-0.02215415113020778,0.013313855553986694
-17.25,-0.02028560449620604,0.013866078826736848
-17.1875,-0.02630475656478262,0.012824076141231789
-17.125,-0.02236518546788111,0.012679674368031524
-17.0625,-0.021811317773838136,0.013375697005731114
-17.0,-0.025673344734182587,0.013919330320330218
-16.9375,-0.02460612557507096,0.0142432080445836
-16.875,-0.02151811589858829,0.013960066807252147
-16.8125,-0.019735081687024477,0.0142019446935869
-16.75,-0.021389626409716034,0.014621703737908621
-16.6875,-0.01939238517689524,0.014025683659691849
-16.625,-0.017334342341258427,0.014646523159522697
-16.5625,-0.01979653676273145,0.014092383699317725
-16.5,-0.021409678713977552,0.01393146724875423
-16.4375,-0.018810681393227432,0.01408089520297206
-16.375,-0.017389906506281097,0.014121227639986106
-16.3125,-0.018040214283377952,0.013856457203924123
-16.25,-0.016286392673611982,0.013568396923576627
-16.1875,-0.015289831460709136,0.013807992570964734
-16.125,-0.020037170109496884,0.01377208722432449
-16.0625,-0.021364154067152356,0.015051566661140747
-16.0,-0.022474775396135276,0.014998542294382806
-15.9375,-0.018985754145010195,0.015416678601560027
-15.875,-0.022516349330908125,0.013749004523381557
-15.8125,-0.019037697789520247,0.014139303667782743
-15.75,-0.01519723450353547,0.014897607606612594
-15.6875,-0.018937276360673567,0.015337520075635961
-15.625,-0.02171274615356608,0.015181607481488727
-15.5625,-0.017365302211495494,0.01477149476558752
-15.5,-0.016385519397318027,0.013728627898573051
-15.4375,-0.015447526995246978,0.013999550935018588
-15.375,-0.015939228244909,0.015110992154376494
-15.3125,-0.014246943006763477,0.015308266541239613
-15.25,-0.014635661989200684,0.014641095873559658
-15.1875,-0.01566548336907565,0.015474255997094998
-15.125,-0.015980648453981967,0.015689151740992772
-15.0625,-0.014718618930657046,0.016366277759059123
-15.0,-0.015748017445578768,0.015491676489886048
-14.9375,-0.01162852856918769,0.017063552006496743
-14.875,-0.013815470234583582,0.016816249673511436
-14.8125,-0.011718927681863488,0.017597275278065098
-14.75,-0.014646013997632825,0.017615438406852597
-14.6875,-0.015329953146272344,0.017487093235651032
-14.625,-0.014072433342467652,0.018123107729515472
-14.5625,-0.012548206622541457,0.018315262698036947
-14.5,-0.014749225284748837,0.018212801577008518
-14.4375,-0.016143513741073423,0.017380716537829903
-14.375,-0.015496409515985098,0.018245896278269298
-14.3125,-0.015779413559390523,0.018057735666911916
-14.25,-0.010414545881982392,0.018377539842442094
-14.1875,-0.009732547536253439,0.018730473815503242
-14.125,-0.016702580209080383,0.017376430197488964
-14.0625,-0.01500423504508993,0.018008828558861188
-14.0,-0.00954658421433503,0.016929130609080988
-13.9375,-0.011954690498433146,0.01835659391313491
-13.875,-0.010983653998254322,0.01778686932487398
-13.8125,-0.008004256334307704,0.018014942124205423
-13.75,-0.007242912974406853,0.017234266873846386
-13.6875,-0.006621845842834896,0.01738378348428324
-13.625,-0.0019677227648859513,0.01678924993063191
-13.5625,0.0024502656941954282,0.017614319010067995
-13.5,-0.00025846719175628513,0.017146393811072514
-13.4375,-0.001572713574802528,0.017269095979429005
-13.375,0.0022165548580062775,0.017238092103372682
-13.3125,0.0042473072880989775,0.016872346298244068
-13.25,0.0034397998680321573,0.016495643490481767
-13.1875,0.0034134732198632537,0.01698838995835425
-13.125,0.00693539843161722,0.017131472731579583
-13.0625,0.007716814416036879,0.017075694443556316
-13.0,0.0047904183750564775,0.017012574755257238
-12.9375,-0.0005802634183968794,0.01749658032934841
-12.875,-0.0034899576495261947,0.016814718204803653
-12.8125,0.002962013311290445,0.017042678282596056
-12.75,-0.00024078982324331083,0.01775252406875532
-12.6875,0.000781013155250394,0.016623241329925986
-12.625,0.003442005166866067,0.016081059400173014
-12.5625,0.0022551071920901486,0.01676661577824961
-12.5,-0.0012916140469776936,0.017356071643986292
-12.4375,0.0008664259464141014,0.01695637376162416
-12.375,0.002429628308686118,0.016881344559933384
-12.3125,0.01007495293821965,0.015862550917976927
-12.25,0.009340950028777432,0.016998375124216522
-12.1875,0.013428952276111118,0.016137811251017743
-12.125,0.009204252641090666,0.016665512517256054
-12.0625,0.013123024572544467,0.01705702685350348
-12.0,0.012621301325952313,0.016879295601080615
-11.9375,0.01620696442272597,0.0168748978945934
-11.875,0.01892403679079489,0.016535482702794205
-11.8125,0.020382245755792106,0.01573078401705188
-11.75,0.015290049773549391,0.016448319885513277
-11.6875,0.014991148517749681,0.016006631819204968
-11.625,0.02179134508689056,0.015944028113506644
-11.5625,0.020756891714369157,0.014823890813215952
-11.5,0.02294254947419379,0.01412418208907954
-11.4375,0.01989607637464898,0.013599726108711236
-11.375,0.029437729432942056,0.013408321432323652
-11.3125,0.025458023893641667,0.013331894310317992
-11.25,0.02145569361693,0.013529791795640128
-11.1875,0.022056955725121737,0.014561854828790402
-11.125,0.02461782088708598,0.012828638539043792
-11.0625,0.02649699493701341,0.013236396340960539
-11.0,0.024814064525754402,0.01319380415474311
-10.9375,0.024715489483801954,0.012890928594406251
-10.875,0.02217520654687632,0.013644636339491888
-10.8125,0.018472091164012945,0.013754710163416067
-10.75,0.01774719940329986,0.014411547736097628
-10.6875,0.015221359582930421,0.014072758578000331
-10.625,0.01605408568621457,0.013923775478298525
-10.5625,0.02097195877009629,0.015101213198408365
-10.5,0.01677159706576573,0.013899441576074178
-10.4375,0.014627890654660844,0.014382554928985821
-10.375,0.01386997157390795,0.014416659221044029
-10.3125,0.016009315570796046,0.014125466050784604
-10.25,0.009822158396726984,0.01358223928401972
-10.1875,0.0085877959385723,0.013259231889915709
-10.125,0.014928463202090033,0.013720922992571034
-10.0625,0.019326693901301133,0.013485167979940626
-10.0,0.021265917380877686,0.013441341775255513
-9.9375,0.025557586525903286,0.013844709784076776
-9.875,0.021075034910102864,0.01373345812606594
-9.8125,0.024788026776516127,0.0141241050115508
-9.75,0.025027673268693332,0.014302734909182225
-9.6875,0.022918336107388103,0.014648536928858159
-9.625,0.02481612733137964,0.01522475502887388
-9.5625,0.024520143069899747,0.013799086029144312
-9.5,0.021289515413108643,0.013187266113332959
-9.4375,0.02227577281810902,0.013170511800780042
-9.375,0.01976987980630437,0.013180686639996452
-9.3125,0.019085287503398423,0.012892166182802244
-9.25,0.02125030138394355,0.01340677675179213
-9.1875,0.019723936728262958,0.013554412585800589
-9.125,0.013979033565202817,0.012956350629153172
-9.0625,0.015905133102008133,0.013644257837866686
-9.0,0.012362890350520338,0.014270222848467826
-8.9375,0.013066526359626681,0.01366973553510747
-8.875,0.00821738954729312,0.013866046242785646
-8.8125,0.013237188393692789,0.013783941467169622
-8.75,0.009171280038282716,0.013364373000671196
-8.6875,0.01862548347780998,0.014048831153326134
-8.625,0.020755333934846864,0.013484070865824024
-8.5625,0.015083765420060817,0.01376240152214189
-8.5,0.013741193925930035,0.01420630030221291
-8.4375,0.012591502727755123,0.014223712114530756
-8.375,0.01656380756598272,0.014577845084600534
-8.3125,0.007290635211740882,0.014822232743699126
-8.25,0.008837695804409589,0.014450269716393712
-8.1875,0.01656267275899529,0.014714373021835914
-8.125,0.025254837062193346,0.01553178629905912
-8.0625,0.021017037701298483,0.016158876849937085
-8.0,0.024589150242157187,0.016899335904694807
-7.9375,0.027862872993596265,0.016207479997060823
-7.875,0.028079704693004377,0.017331998596376182
-7.8125,0.028335340790839127,0.017202299858658787
-7.75,0.03410960393255186,0.01709237886458882
-7.6875,0.03215634753193526,0.017689943030883618
-7.625,0.03036418047638014,0.017744570213082417
-7.5625,0.026165111514421798,0.01850087088036906
-7.5,0.022640508742600277,0.01907887627208807
-7.4375,0.02453102336861606,0.018277819997506713
-7.375,0.01804266221421192,0.018528276660911783
-7.3125,0.019920778662015626,0.018412420949548744
-7.25,0.01731881553881291,0.01794454109174995
-7.1875,0.01916497182893101,0.017764732080947743
-7.125,0.0185947781663738,0.018962346452540482
-7.0625,0.01647290062028596,0.019237605625112186
-7.0,0.014923350673614862,0.018345349767890495
-6.9375,0.011282824653321743,0.018253728641698386
-6.875,0.013894222077127736,0.01935036785720093
-6.8125,0.01132411310691453,0.019671980198683086
-6.75,0.011587323479079117,0.0197005674859256
-6.6875,0.009771929387579514,0.017879336690418027
-6.625,0.013856667122539362,0.018941297703550908
-6.5625,0.015888026967881337,0.01918795317787156
-6.5,0.02208034370438046,0.01934250852861643
-6.4375,0.020476535707242075,0.019189724220470845
-6.375,0.022557338783142544,0.01955572438384325
-6.3125,0.023588930909659918,0.02045390807214304
-6.25,0.020262123482592747,0.019783285916277385
-6.1875,0.022882827263222293,0.01894681622716938
-6.125,0.017402399181454125,0.019977998873716346
-6.0625,0.022466876036349052,0.019700143281848836
-6.0,0.024777053620985957,0.01996031727699687
-5.9375,0.025826967749555802,0.02001966711903004
-5.875,0.027899317911725317,0.020176397676588263
-5.8125,0.029364892035349543,0.019651572097794695
-5.75,0.02336312450201721,0.020386687029518697
-5.6875,0.021489944718455944,0.020852051931740896
-5.625,0.027098889682884087,0.020513121589799368
-5.5625,0.025306750490832593,0.02120676356630383
-5.5,0.031374825461384565,0.02043099534697533
-5.4375,0.030050175417499467,0.02144504647967045
-5.375,0.02600764612041856,0.020505601431365317
-5.3125,0.015910447685270158,0.02020705388079452
-5.25,0.013622206244866403,0.020761117855202096
-5.1875,0.016075313178919276,0.020287496903728205
-5.125,0.01237381759208225,0.01994416269499125
-5.0625,0.0046574741304562925,0.02117046310525946
-5.0,0.004340687586493566,0.02165416560993942
-4.9375,0.001453945245553518,0.020341009409897897
-4.875,0.001912858805036836,0.01972543995485201
-4.8125,-0.0031673486951949133,0.021008016976100868
-4.75,-0.0059443400152868735,0.020098096634475204
-4.6875,-0.0012659477126819138,0.0208089151036792
-4.625,-0.0024244587930822964,0.021181013132587356
-4.5625,-0.004695873395005379,0.021718980457437583
-4.5,0.0012033773464235392,0.021727440260707116
-4.4375,-0.009400154790513432,0.02169455434810545
-4.375,-0.004381741083262396,0.021496315542821352
-4.3125,-0.009878539911615893,0.02138195162680896
-4.25,-0.006911052594586577,0.021319462308068915
-4.1875,-0.010023018299170105,0.022763377612897005
-4.125,-0.015270006036462239,0.02213094886883852
-4.0625,-0.010362321772381979,0.022662719081925558
-4.0,-0.011775581046955018,0.022976131442578537
-3.9375,-0.005340841319728816,0.02277066780303925
-3.875,-0.0038433941309914603,0.02269191471550987
-3.8125,-0.007890322400830688,0.022213644570728903
-3.75,-0.00046490776703639704,0.02331111789321586
-3.6875,0.0024531162630562356,0.022704406004221307
-3.625,-0.0020767535664373343,0.02251874731764117
-3.5625,0.0006727322679568402,0.023891321760731152
-3.5,0.006469382152827426,0.024071667517096277
-3.4375,0.00044167618939359743,0.022740414643123756
-3.375,-0.005698250004281688,0.022316866992059196
-3.3125,0.00012222143630855097,0.022862198525301906
-3.25,0.002430914913929593,0.02234242311367313
-3.1875,0.0005995719042823635,0.021860210974420455
-3.125,0.004123565585353881,0.02151847737841916
-3.0625,-0.0032571537260512526,0.021811685482059594
-3.0,0.005147790627615522,0.02255186872287818
-2.9375,0.008403209285973028,0.021163836677653747
-2.875,0.002640163476147272,0.022276902816929935
-2.8125,0.012343465775414402,0.022637798137689482
-2.75,0.007322141494837251,0.021426086456758274
-2.6875,0.01426989903358002,0.02222545095499739
-2.625,0.012805837402794694,0.02208783517072951
-2.5625,0.01487802290139808,0.022698675698926817
-2.5,0.01848583797893063,0.024025413247797615
-2.4375,0.014254539350672488,0.023851303941181963
-2.375,0.014576921649621035,0.024514951498801212
-2.3125,0.014751915645784364,0.02467170315784222
-2.25,0.00952433628043407,0.02472207677784379
-2.1875,0.009072116347194997,0.022765711908731875
-2.125,0.009540516936627828,0.0233755580009371
-2.0625,0.011675179038283842,0.02351784768788625
-2.0,0.011034726842177189,0.023680070355465384
-1.9375,0.005880148033281565,0.024082599349409258
-1.875,0.0014815876791302934,0.02550581393692194
-1.8125,0.0007392445356693044,0.025403872342514264
-1.75,0.006158790150569623,0.02576131591118319
-1.6875,-0.001224295266921416,0.02410624208702168
-1.625,-0.0005265941591718669,0.024596221870081824
-1.5625,-0.004361043883430478,0.025221538868963313
-1.5,-0.0084207730744926,0.025745518579960606
-1.4375,-0.008765923840378581,0.024498660910047335
-1.375,-0.011391133157496092,0.024792731038404184
-1.3125,-0.008920995161089991,0.024546675573067993
-1.25,-0.016151598882939277,0.024758198859521435
-1.1875,-0.012819657029797994,0.02467464493612104
-1.125,-0.0173502470930865,0.024401244822837127
-1.0625,-0.016712798789773903,0.02550674552881853
-1.0,-0.013150658590265743,0.02400343350311559
-0.9375,-0.017421057136123155,0.023586040228619726
-0.875,-0.014607584632280029,0.023163739293764262
-0.8125,-0.016493517458752435,0.022793363488960817
-0.75,-0.015403482069289536,0.022173725037677384
-0.6875,-0.012507192101542153,0.022875830855034304
-0.625,-0.010684204109180875,0.02363281283408167
-0.5625,-0.008038579114963635,0.023217699539837065
-0.5,-0.006531103365676212,0.023018536120624253
-0.4375,-0.0035429660250270332,0.024378150677173863
-0.375,-0.0022697497686624867,0.02412440132361445
-0.3125,0.0011469308355094969,0.025061771800490747
-0.25,-0.0026607338473586426,0.024399544805101526
-0.1875,0.01465425569668783,0.023731246912648593
-0.125,0.016821240328221184,0.025342557250801027
-0.0625,0.029940485614579616,0.025412267143198497
0.0,0.036382036906154415,0.02546009981441374
0.0625,0.0493887164161703,0.025200900875546297
0.125,0.06738585730191449,0.0243727212617803
0.1875,0.05898719418760823,0.02421353096485328
0.25,0.050758215358415675,0.0257390789586752
0.3125,0.04424956121316986,0.025230233682953903
0.375,0.03486547091147713,0.025235721428243624
0.4375,0.02558916064151711,0.027068781150813823
0.5,0.017979510398269945,0.024885625931559102
0.5625,0.00853557313712772,0.02494457309187574
0.625,-0.0005901686633497613,0.025079149825384842
0.6875,-0.001570458671685466,0.024154891599236426
0.75,-0.005384770744808859,0.025136013016243245
0.8125,-0.004340175788314707,0.025023577605415626
0.875,-0.008575801198043891,0.02522793966214955
0.9375,-0.010338648254444287,0.025720403217870474
1.0,-0.01369616737633056,0.026531601504805366
1.0625,-0.011624944910860203,0.026337238373054087
1.125,-0.020110492712793623,0.026309942001770486
1.1875,-0.023346792966874638,0.026646476914244155
1.25,-0.024048684929280605,0.026648224185814376
1.3125,-0.027704421271607667,0.026458739296585244
1.375,-0.02988290953357556,0.02677730491700054
1.4375,-0.03375888362380218,0.026629361811326944
1.5,-0.03790417730900274,0.026253248075363795
1.5625,-0.04012625107848765,0.026747119547404434
1.625,-0.03400479814246833,0.026064098050418014
1.6875,-0.03982696055348409,0.025528218648124705
1.75,-0.03307282921576428,0.02505866827914559
1.8125,-0.040479169907790546,0.024393992485613
1.875,-0.037010563686119435,0.024590108398976074
1.9375,-0.04154129969039511,0.02209605646432567
2.0,-0.044122028173949855,0.022656814236694623
2.0625,-0.04248281900302939,0.022541903442479454
2.125,-0.04551823127494836,0.022344445725619687
2.1875,-0.04754100773876018,0.022600594951799363
2.25,-0.04952408124021142,0.021853499445996693
2.3125,-0.0505387087093961,0.021701214682791077
2.375,-0.051153378297047906,0.022086623447388102
2.4375,-0.05615834683883365,0.0227592798402562
2.5,-0.05470709602836573,0.022158524223181594
2.5625,-0.054275357899520205,0.02061220651756862
2.625,-0.05343235040470534,0.021337994205466487
2.6875,-0.048153711223043245,0.02210911765636154
2.75,-0.04723620404140007,0.02095333747367359
2.8125,-0.044575259156327006,0.02107115485566683
2.875,-0.03500640219587221,0.020011201226775324
2.9375,-0.035785901937636984,0.020583823327119822
3.0,-0.03314793957806695,0.020571198839464587
3.0625,-0.030072205970955192,0.01992218239579382
3.125,-0.02783212142983709,0.020582960555699702
3.1875,-0.023944902202777105,0.020569696038516258
3.25,-0.027109404727798502,0.020099239971824355
3.3125,-0.028517805247090282,0.02008147449483978
3.375,-0.02485118535603408,0.01981979335201103
3.4375,-0.025334431355873856,0.020198686553283614
3.5,-0.017202363100416153,0.019342816585157907
3.5625,-0.011549912472193485,0.019569199142112782
3.625,-0.0029898536984371386,0.01978934979475676
3.6875,-6.112660401524959e-06,0.019811605866814
3.75,0.004901157225956147,0.020356533166109934
3.8125,0.008864956102141506,0.020475516050375328
3.875,0.014023439803357907,0.02045212416674338
3.9375,0.02472719799122702,0.020665833404465764
4.0,0.02455818091486287,0.02052493941514368
4.0625,0.024587169776029993,0.02021317751808841
4.125,0.023320235223811932,0.019735142231666485
4.1875,0.028433471587074117,0.01974035996615516
4.25,0.029717969164773775,0.02116221560986482
4.3125,0.027448897786331052,0.02075469563822777
4.375,0.03517881700466342,0.02114313890051614
4.4375,0.04005730499722698,0.02119404464610705
4.5,0.031381098766220514,0.021663784372819923
4.5625,0.04220424145664886,0.02067595089583497
4.625,0.04561681881287693,0.021604250951231658
4.6875,0.04468252207810074,0.021445833165942806
4.75,0.048261396919353904,0.021499205110880305
4.8125,0.0503273067334113,0.021112182570727958
4.875,0.05327873467457846,0.02146540704681328
4.9375,0.0522269076594304,0.02067887717388295
5.0,0.052320292126790825,0.020706363810814758
5.0625,0.0591297598135432,0.02040584672442397
5.125,0.05949925444451101,0.020095244371666463
5.1875,0.060004454483509675,0.0198136201708395
5.25,0.06678783611511381,0.020203777566289327
5.3125,0.05672615138603585,0.020175043070136872
5.375,0.05783365555023612,0.019723182679515658
5.4375,0.06148281631465964,0.019534740279732368
5.5,0.06362657422139169,0.019511553439188152
5.5625,0.05718403634191164,0.017200758937372742
5.625,0.0594579243847723,0.017753469328235717
5.6875,0.05953773408696929,0.017529560996309784
5.75,0.06080612134529417,0.0178235773613469
5.8125,0.06229959947774851,0.01631069187833257
5.875,0.057986840720122626,0.016827535440663902
5.9375,0.06834015480743375,0.01567485501313964
6.0,0.06367584706133604,0.015982974122838046
6.0625,0.06615323909499202,0.016478725784532085
6.125,0.06978268504312424,0.015989724827845657
6.1875,0.06563191607613512,0.01588069500204733
6.25,0.06952592502358054,0.01637693971931788
6.3125,0.06369534815555841,0.014862902575533495
6.375,0.059705679872837474,0.014765877022132334
6.4375,0.0556637329179186,0.015577710196357805
6.5,0.05847511400180165,0.014016996981273625
6.5625,0.05919827544933141,0.015068919771211258
6.625,0.06129590832278722,0.01509434346067187
6.6875,0.05634063630349229,0.014229455408755224
6.75,0.05536800798758638,0.015566374105167376
6.8125,0.05867007912422066,0.015548795122755327
6.875,0.0495999737119489,0.01624612831049515
6.9375,0.04653962102756339,0.017003386783033606
7.0,0.04187394696178821,0.015914482221031423
7.0625,0.04258664682725888,0.015252848563633627
7.125,0.045293312638555266,0.015656212158081276
7.1875,0.04189301147558599,0.015112139827696937
7.25,0.04196832971457524,0.01536777687701094
7.3125,0.045037947196608905,0.0162907991478321
7.375,0.03948470744952514,0.015579221488648992
7.4375,0.033683713320560915,0.015336842120941406
7.5,0.0318676809665848,0.01510147626363653
7.5625,0.03358358387162842,0.01482971375127381
7.625,0.027933438879010744,0.013558796964854503
7.6875,0.02653477939442281,0.0150908338738326
7.75,0.02155790803162454,0.015249667150980611
7.8125,0.024371937902874348,0.015740830400500228
7.875,0.02629111623155106,0.014733072736793747
7.9375,0.019269850880651467,0.016225699632792807
8.0,0.021470571229396027,0.015808776786444285
8.0625,0.014667939923007562,0.01588725453236997
8.125,0.019941373484519718,0.015027423722532768
8.1875,0.013940104554104481,0.016314967727758464
8.25,0.016688073080543743,0.01687008419932597
8.3125,0.018727019965813083,0.015763344801562558
8.375,0.018197275925339835,0.01644042564964152
8.4375,0.018954489011662426,0.01722279178425123
8.5,0.014113628409654777,0.015649184618749236
8.5625,0.016494363237229262,0.01627364091896542
8.625,0.013439574287675594,0.015486239299412244
8.6875,0.010792948647099818,0.016289009844632628
8.75,0.012001309535051819,0.016156794045093254
8.8125,0.01280749416022567,0.01665590671959939
8.875,0.0067291078537904175,0.015095704157057287
8.9375,0.015428560815103845,0.01534119218925137
9.0,0.01674292342315919,0.016088745712035255
9.0625,0.007518128581548745,0.015879588623761112
9.125,0.0071243236784858935,0.015250238959469118
9.1875,0.004696285325138657,0.015318077263210154
9.25,0.0034895568452081777,0.015142132099970734
9.3125,0.004358750052135216,0.014325915510342312
9.375,0.005314500355351069,0.01546845163226058
9.4375,0.007440116367669636,0.016244604890534003
9.5,0.00958090048224347,0.016331690366832075
9.5625,0.007409821109219092,0.01677544624732999
9.625,0.007575591196285605,0.01639098671921635
9.6875,0.008219669238005845,0.015634994899589715
9.75,0.005681034766596092,0.014238341882195284
9.8125,0.0037820342427751954,0.014693616328238157
9.875,0.002988426093810266,0.015962537985654994
9.9375,-0.00264561640842265,0.015564136039720624
10.0,-0.0031583661685967487,0.014659424840569995
10.0625,-0.011743606540204204,0.013970257444348835
10.125,-0.013264341913463375,0.014889758380193935
10.1875,-0.010034512434073531,0.015039250493277737
10.25,-0.012108865091883348,0.01495950547313441
10.3125,-0.01942930601045382,0.014652488979594784
10.375,-0.024539042445218966,0.014613495699660407
10.4375,-0.0235603402405723,0.013733866472487442
10.5,-0.022152793172899563,0.014159310396624547
10.5625,-0.0227584782849208,0.013616638978245795
10.625,-0.026176355090653282,0.013959789234049353
10.6875,-0.019223436905248505,0.012750345245163731
10.75,-0.026240896699898972,0.012352117374259536
10.8125,-0.017767301788496868,0.012312302163259166
10.875,-0.02042894344080394,0.012184457228685767
10.9375,-0.01670656103171828,0.012637842055149213
11.0,-0.014509894571568137,0.011243355061894158
11.0625,-0.016057198044374957,0.011039808790645199
11.125,-0.012388659538103341,0.011705570156924213
11.1875,-0.014648468637482669,0.011469620546413503
11.25,-0.008024580158975458,0.01186956101825571
11.3125,-0.005592930757043474,0.011337796442977239
11.375,-0.0035833615097008347,0.012029948422102987
11.4375,0.0013381726372718036,0.012893699389014123
11.5,0.0006409911331752833,0.013657750524189542
11.5625,-0.009518516951206596,0.013911456795477688
11.625,-0.00809726158541111,0.013093626786891667
11.6875,-0.009358309296071315,0.013367270249722002
11.75,-0.0028485303821386295,0.013059535812062683
11.8125,-0.006590554775125431,0.013648195435779536
11.875,-0.005798399574037854,0.014455516059323775
11.9375,-0.0038663849309451648,0.015119521778182042
12.0,-0.0003419662039760987,0.015075111340200937
12.0625,0.0008260971179515037,0.01468306720017236
12.125,-0.004015991194752095,0.014994009512231376
12.1875,-0.005346632328677712,0.014054799091418312
12.25,-0.0032650525193074487,0.015117599612342707
12.3125,-0.006877007565494107,0.015315694888912653
12.375,-0.007583414411753174,0.014858296287213623
12.4375,-0.009775821616884317,0.015365384211533087
12.5,-0.0077456678438277,0.01599331560661153
12.5625,-0.00959106009829634,0.015597102088990034
12.625,-0.009144448332703737,0.014837278258525172
12.6875,-0.0107782434864959,0.014770814899934636
12.75,-0.009605811546822876,0.014204463612198629
12.8125,-0.01168434483939968,0.01425093154051382
12.875,-0.012800146415802339,0.015243341308695955
12.9375,-0.009666269366841734,0.015214669930059493
13.0,-0.01446734338134807,0.01612388363778438
13.0625,-0.014141631357293401,0.015898573467554463
13.125,-0.013756887851504657,0.015577899877580946
13.1875,-0.012350985076611035,0.016481505777179557
13.25,-0.011350297159289858,0.01661615235316502
13.3125,-0.013872325209770818,0.015575818383165232
13.375,-0.013166436043291598,0.016266950321016084
13.4375,-0.006920935347820861,0.01593713366696604
13.5,-0.004255708557076842,0.015723043612928034
13.5625,-0.0027709898024820745,0.015566069967237438
13.625,-0.00025705708285924045,0.014697206781447971
13.6875,-0.0034580006449413045,0.015120522234477999
13.75,-0.002731267733404763,0.014974206379032094
13.8125,-0.0006860170453854917,0.014679746601975711
13.875,-0.0007418121961509839,0.014436366261326558
13.9375,0.0001557014307586994,0.013222508958436612
14.0,-0.0038798546089833037,0.013957757082254815
14.0625,-0.0023132378650572126,0.013429826263791179
14.125,-0.004948174884055128,0.013620984738973288
14.1875,-0.0026067048697244037,0.015170017964005765
14.25,0.002006246521453273,0.014234773446021386
14.3125,0.0036045168820417355,0.014977618404631118
14.375,-0.002838809894212809,0.015261485727487187
14.4375,-0.0014445754740540016,0.014697855813746783
14.5,-0.0016728369505599528,0.014436445680526391
14.5625,-0.00392824917761118,0.014832318006369527
14.625,-0.0030095733981701503,0.013602865288465242
14.6875,-0.0004294020689065032,0.014425236193498137
14.75,-0.0012585298295207455,0.014905900202920744
14.8125,-0.00013903286809593079,0.01520834806666556
14.875,-0.007408258979556567,0.014763049524655054
14.9375,-0.0035471538699328436,0.014233562324532828
15.0,-0.0015564430630075963,0.014190288866715327
15.0625,0.002232267357601358,0.014136514094903102
15.125,-0.0014399059874523553,0.014330671680347828
15.1875,-0.0020746813853788648,0.013773587875380865
15.25,-0.004789983235259448,0.01431710080398478
15.3125,-0.0033729137293725046,0.0136046940864657
15.375,-0.001709472380932447,0.014050352574482864
15.4375,0.0038559045485828318,0.012642138034520956
15.5,0.00017005912213842507,0.01272523959708132
15.5625,0.004170379164607584,0.01223050804452712
15.625,0.00733770357179879,0.012770847783415815
15.6875,0.00905737131719028,0.012433346495542178
15.75,0.012981753557257298,0.01213859877173405
15.8125,0.011556905284451933,0.011895336377817351
15.875,0.010060294317294785,0.012409722266344979
15.9375,0.014277672311748781,0.012892409538382487
16.0,0.011486485829228168,0.012991366529285241
16.0625,0.006613799739055223,0.012697249364012876
16.125,0.011393838511416425,0.012789643868498613
16.1875,0.013122444288456075,0.012957027220839752
16.25,0.012011018099684993,0.012761973717812874
16.3125,0.0070163657731874655,0.013439058833095126
16.375,0.006331720794350873,0.012828940771186797
16.4375,0.003879469304076042,0.012643995657500214
16.5,0.0039220618684366205,0.012717181176538243
16.5625,0.006478926681024808,0.012101208267201673
16.625,0.00455459395133653,0.012865434780316144
16.6875,0.002501468205873787,0.012251652784490034
16.75,0.0018237394119613641,0.012326928803773021
16.8125,0.003423664986542936,0.012074540269563267
16.875,8.416243205303288e-05,0.0116099788007978
16.9375,-0.0021449704352746388,0.012507575799898456
17.0,-0.0038998555864809673,0.012401721227093073
17.0625,-0.0019070154299773126,0.0110349493929633
17.125,0.0011114438937898097,0.011069375097450903
17.1875,0.002485118929972344,0.011611665675109272
17.25,-0.004636935834308387,0.011460095251226867
17.3125,0.0018473563440811027,0.011003983118034978
17.375,-0.0060231732522274236,0.011224557054680328
17.4375,-0.0016248589697578052,0.012019135814782691
17.5,-0.0026084568944877255,0.011257866985471729
17.5625,-0.00086554193106112,0.011517744856569784
17.625,-0.0025242538362445725,0.010842922998567338
17.6875,-0.004025784810715219,0.011049544488303349
17.75,-0.0057935024978338235,0.01146765633748525
17.8125,-0.004351739453627376,0.011328958535772943
17.875,-0.00492770757555036,0.011762030805670468
17.9375,-0.004397168620637669,0.012387249340686534
18.0,-0.005711245200973809,0.011390996836686719
18.0625,-0.00938092882425091,0.010881020690076461
18.125,-0.010099109968753288,0.011559072373009655
18.1875,-0.008789403243924528,0.011944643202234595
18.25,-0.007429071299347073,0.012293605757460415
18.3125,-0.007220112437345566,0.012060314591359879
18.375,-0.006095684618972905,0.012579331848085556
18.4375,-0.003331684505328897,0.013010591674554756
18.5,-0.004027516598023396,0.013044029647480249
18.5625,-0.006024150529489224,0.012936313012383828
18.625,-0.00755865363612619,0.01350108547732364
18.6875,-0.007761289990866379,0.013269615861619828
18.75,-0.007189748810231698,0.012658251845384461
18.8125,-0.008709926446046845,0.012463141402833567
18.875,-0.011322130043838126,0.01169547486856172
18.9375,-0.010858062390800442,0.011572355937354483
19.0,-0.00838148138973226,0.011690468288559954
19.0625,-0.008889905443791514,0.011147390220778099
19.125,-0.009048072382754445,0.011049949890790218
19.1875,-0.0072634868951371775,0.010892549447357104
19.25,-0.0038482127731364183,0.010696664590024331
19.3125,-0.006541658204253229,0.011085355054810207
19.375,-0.005343350140184975,0.011069512184360954
19.4375,-0.0030437509060859246,0.011488410551336386
19.5,-0.007622951918045891,0.01137447187565449
19.5625,-0.007189411032273979,0.011166732967956545
19.625,-0.007653246061228188,0.011364221222267438
19.6875,-0.003912603188322678,0.011109094140228802
19.75,-0.006659445666067547,0.011614534847648015
19.8125,-0.006414553522589885,0.011702435318549127
19.875,-0.002548587336219359,0.011558360343996968
19.9375,-0.0014814327759655084,0.011568343489636085
20.0,-0.0037402895997078896,0.011339171889592077
20.0625,-0.002155670662789241,0.01203773324801997
20.125,-0.005100443105386762,0.011759529932552167
20.1875,-0.006548732719385098,0.012289331792887577
20.25,-0.01152481606840479,0.01236175732705985
20.3125,-0.012060376303668444,0.012383313647270832
20.375,-0.014858742169549159,0.011747705147650549
20.4375,-0.01360673510950745,0.011547536776467485
20.5,-0.01304058584461443,0.011864287317096857
20.5625,-0.01188280227968414,0.011729150033555449
20.625,-0.010724772985515165,0.0111873252975788
20.6875,-0.015534997157482057,0.011077912181216473
20.75,-0.014823564015144033,0.011584199336333988
20.8125,-0.01793530568455071,0.011139580819252272
20.875,-0.00969202104581471,0.010908828408001947
20.9375,-0.010027419231770885,0.009885639178813969
21.0,-0.01096941818739224,0.01013860818365743
21.0625,-0.012294557009236812,0.009969505280122281
21.125,-0.012274314191677066,0.00999095202278806
21.1875,-0.013088807714119185,0.010016567987173392
21.25,-0.010059642700189133,0.01024204482133619
21.3125,-0.00960128970572191,0.010238636664577454
21.375,-0.01144896973370843,0.010487903625529772
21.4375,-0.01229870309620013,0.010650020515885187
21.5,-0.014654383662002885,0.009708413936112529
21.5625,-0.016275496522559153,0.010054149295273963
21.625,-0.014601439034318996,0.010480121774471277
21.6875,-0.01678971957592279,0.010151516331284449
21.75,-0.015520690437359572,0.010364296515749685
21.8125,-0.017176004603874962,0.010926783644181731
21.875,-0.022201779208648225,0.010539836451823393
21.9375,-0.024623613671973583,0.010875934313717191
22.0,-0.022527829113563037,0.011122725396543952
22.0625,-0.019818371540937955,0.011094843666960239
22.125,-0.019921801148390525,0.01130381113606986
22.1875,-0.02325093360305944,0.011849641617870957
22.25,-0.021169662065522392,0.01192729969279855
22.3125,-0.02370507890275255,0.012004184524485442
22.375,-0.02391061174931544,0.012224071966017857
22.4375,-0.022048042230592268,0.012448495123922815
22.5,-0.01996936165460629,0.012929733878360777
22.5625,-0.023820848381713576,0.012647744486248226
22.625,-0.024996356711736865,0.013328695025225407
22.6875,-0.0251608678496561,0.013372136045406451
22.75,-0.02515111565020289,0.013286372892396365
22.8125,-0.021771736341973862,0.013067274436796866
22.875,-0.022144521802828818,0.013111187996906661
22.9375,-0.02570494074594285,0.013165887173634122
23.0,-0.02444959887444547,0.013602755340193243
23.0625,-0.02504787209194318,0.013191653733790571
23.125,-0.025920752307988973,0.01273160440783951
23.1875,-0.02977212039481386,0.013572902032527517
23.25,-0.027857429711873126,0.012764527612185333
23.3125,-0.026815222479171064,0.012310974614143893
23.375,-0.025317119576533532,0.012936541991791912
23.4375,-0.022900299665736572,0.01220237434699493
23.5,-0.01966131755201574,0.012220183389479769
23.5625,-0.021560394742000846,0.012189039356413207
23.625,-0.02069978173697913,0.0122732527962907
23.6875,-0.019866426239915858,0.01181951708350906
23.75,-0.020510179790161145,0.011180340195616553
23.8125,-0.02010182044518291,0.011638860642132086
23.875,-0.0179385125307052,0.011515441325631016
23.9375,-0.01720165775457948,0.010761801541966896
24.0,-0.019275790571451956,0.011037646439997101
24.0625,-0.021847359331427257,0.01123365860403574
24.125,-0.02314900478152344,0.011042050012895524
24.1875,-0.022630303746762663,0.010954459659062147
24.25,-0.02136901745942648,0.011163600632733348
24.3125,-0.019079138705415895,0.010619025660867865
24.375,-0.014759824035512346,0.010143946694748046
24.4375,-0.01588218922694423,0.009411960207334438
24.5,-0.01680462977396606,0.009450623659387888
24.5625,-0.013918514226830372,0.009512953844698054
24.625,-0.008166856494298703,0.009192780134974314
24.6875,-0.007216814371988365,0.008763352231218028
24.75,-0.006214282160302325,0.009049715940279396
24.8125,-0.00994034589904239,0.008804567777184108
24.875,-0.007684027223276274,0.008484061169649336
24.9375,-0.008737644891724138,0.0080472481859669
25.0,-0.007874306293941912,0.008108087611377107
25.0625,-0.0046714420895474975,0.008565462037987165
25.125,-0.0049494287339141504,0.00796134002245619
25.1875,-0.004036036011157148,0.007806330191934266
25.25,-0.0046045672345136285,0.008161336413940424
25.3125,-0.0024363964362745434,0.007756339193548267
25.375,-0.0035742495324118323,0.007460692768720219
25.4375,-0.0026184266915366726,0.007831087653250333
25.5,-0.0005987716315198022,0.007448125422002763
25.5625,-0.003939095945908849,0.007181551030996938
25.625,-0.002610242180620739,0.0072248106324625545
25.6875,-0.0017913474046469173,0.006974228330861818
25.75,-0.0018130818053238309,0.006558112670375061
25.8125,-0.001089535836270506,0.006413403821474424
25.875,0.0008617199291493504,0.00634208232746963
25.9375,0.0024646312511392085,0.005979612838029897
26.0,-0.0012254592709574613,0.005515219106815204
26.0625,0.0006123276423980467,0.0059241926942470175
26.125,-0.0006781618052729789,0.006050312503428582
26.1875,0.0008989816911196631,0.005795214327340883
26.25,-0.0006233163710239946,0.00634285242096488
26.3125,-0.0013348029070972861,0.006231171342856845
26.375,-0.0027439843632025614,0.006042950031518924
26.4375,-0.00406543964844098,0.005845915527232108
26.5,-0.0023533924496187755,0.005733356286135233
26.5625,-0.0005748930093221593,0.006365862800068155
26.625,0.00018227872021687178,0.006350928140083361
26.6875,-4.754492015729964e-05,0.0063755266568211585
26.75,0.0013293937209642999,0.006104745737768206
26.8125,-0.00016067863692695474,0.006125763981541193
26.875,-0.003811886732939778,0.006121156509251866
26.9375,-0.0015893470991708227,0.005868828933028511
27.0,-0.0011495354926443048,0.005592776270230789
27.0625,-0.0014727370570665477,0.00565898582723736
27.125,-0.0013870120865018254,0.005461315457280004
27.1875,-0.0008020492762439084,0.0053307080905129435
27.25,-0.00022108795490940287,0.005509191432166467
27.3125,-0.001014349082403657,0.005619700459066123
27.375,-0.0008795086860060807,0.0055239932147540145
27.4375,0.0007165947734441025,0.005248441642780895
27.5,0.00028650853789135764,0.005254597538056736
27.5625,-0.0010873801272060454,0.005182332660862458
27.625,-0.0020870367306084913,0.0047269343811128265
27.6875,-0.0017620677505989788,0.00451903107332365
27.75,-0.0037210134961588822,0.0045164085577848
27.8125,-0.0043357610950280605,0.004259771427084698
27.875,-0.002809596409275034,0.0040020978328803
27.9375,-0.0024073650255331744,0.0035543628202545645
28.0,-0.00012828572923414625,0.0034866956683918043
28.0625,-0.00024866127700193426,0.0034008915129039095
28.125,-3.809281618108907e-05,0.003306479721137345
28.1875,-0.0007359702336609436,0.0032345415127359436
28.25,0.0015782317450351755,0.0033689863776556095
28.3125,0.0014435310673262037,0.003264585880296469
28.375,0.000355835627338416,0.0033379302982266723
28.4375,-0.0012792929277818618,0.0030567206139791446
28.5,-0.0009560108108843973,0.0030334375859463
28.5625,0.00032861115967092294,0.002753883894422096
28.625,0.0007772638472851752,0.0026739319968279497
28.6875,0.0013378942296210783,0.0025740825812351764
28.75,0.001294380425749736,0.0022776047128805848
28.8125,0.001237363784735914,0.0020033541247687515
28.875,0.0017472105082413315,0.0019047164189076066
28.9375,0.0009748165814954761,0.0015660511869124449
29.0,0.0017231990601353463,0.0016051983986001778
29.0625,0.0018170612386406526,0.0014074599772991377
29.125,0.0014227535554877187,0.0013666665844702937
29.1875,0.000553563410604756,0.0011734938607376939
29.25,0.0010151562512452589,0.0009746060952420399
29.3125,0.0023311162020736593,0.00090067494967393
29.375,0.0015934915617844075,0.0007837228825042493
29.4375,0.002927864038674351,0.0008161117096028882
29.5,0.002651225207588645,0.00096727376323578
29.5625,0.0021127050233878575,0.0009277731812620881
29.625,0.00134215468932579,0.0007973576897001058
29.6875,0.0005183898867785016,0.0005902897095408338
29.75,-0.0003817723268028265,0.0005343691734210778
29.8125,0.00016168585029599543,0.0004831455469153807
29.875,-0.0004636063675968686,0.000389917741566918
29.9375,-0.0002470334240170959,0.00026830694422678937
