CorrSim_Outputs
CorrSim - Example - 
1000.0
0.03125
1
1000
5000
0.3
0.1
1
1
0.2
0.03
-2
-2
1
1
1
1
4.5
4.5
0
1
3.58
2375
0.03
8000
40
1.5
3.58
2375
0.03
8000
40
1.5
2
-1.5
1
0.1
-0.5
0.5
45
40
25
10
3
0
0.5
4
0.15
0.1
3
0
0
0
0.1
0.3
3
0
75
50
45
6
3
1
0.1
0.1
2
4
10
20
0
0.1
0
3
8
25
0.005
0.2
0.007
0
0
0
2
-4.1888
Const. Phase
Power
Linear
Linear
Polynomial
(Unused)
0.001
0.02
0.25
0.4
5
0
-4.1888
-4.1888
1.257
0
3.141
0
0.02
0.25
0.4
5
200
0
0
1.257
0
3.141
3.141
0
0
0
0
0
28
0
0
0
0
0
7.854
0
1
1
1
30
0
1
1
512
0.2
1
0
